57.13518782,52.22681902,41.37424471,0.118181
58.90962358,52.22681902,41.37424471,0.236362
58.90962358,52.52216794,37.43316962,0.354543
57.66518393,52.52216794,37.43316962,0.472724
58.74940159,50.17921009,37.87180267,0.590905
58.74940159,50.17921009,37.87180267,0.709086
58.91744754,50.447451,37.26273901,0.827267
58.91744754,51.0093818,36.85290652,0.945448
59.04669101,51.0093818,36.85290652,1.063629
59.04669101,51.36420203,40.34238234,1.18181
59.8970797,51.36420203,40.34238234,1.299991
62.81197139,51.56867387,41.63522772,1.418172
62.81197139,51.56867387,41.63522772,1.536353
64.53360317,53.39702414,41.98413949,1.654534
64.53360317,53.98368532,45.25988324,1.772715
64.8008367,53.98368532,45.25988324,1.890896
64.8008367,54.70878157,45.12556267,2.009077
63.66940371,54.70878157,45.12556267,2.127258
61.6254754,53.64593851,49.14284822,2.245439
61.6254754,53.64593851,49.14284822,2.36362
58.75003324,53.75061773,54.03716892,2.481801
58.75003324,55.64262361,52.80251385,2.599982
58.90949096,55.64262361,52.80251385,2.718163
58.90949096,55.90225845,55.53296459,2.836344
57.48515433,55.90225845,55.53296459,2.954525
55.1735189,54.40272282,56.51375662,3.072706
55.1735189,54.40272282,56.51375662,3.190887
55.09367024,55.36734569,56.78075984,3.309068
55.09367024,54.49286794,54.39087412,3.427249
55.14898146,54.49286794,54.39087412,3.54543
55.14898146,53.79405898,54.10572694,3.663611
55.67308315,53.79405898,54.10572694,3.781792
55.88234012,52.92923489,53.76115437,3.899973
55.88234012,52.92923489,53.76115437,4.018154
55.24494462,53.27658521,52.36384875,4.136335
55.24494462,53.07825149,51.27232745,4.254516
56.51942421,53.07825149,51.27232745,4.372697
56.51942421,53.87913267,54.05386492,4.490878
54.33684006,53.87913267,54.05386492,4.609059
53.6583885,52.60220706,53.46340746,4.72724
53.6583885,52.60220706,53.46340746,4.845421
54.63447429,54.73747716,53.05326039,4.963602
54.63447429,52.36832446,53.10849008,5.081783
52.36071553,52.36832446,53.10849008,5.199964
52.36071553,53.72114051,52.34250931,5.318145
53.21863073,53.72114051,52.34250931,5.436326
52.47026688,53.85665291,50.43765489,5.554507
52.47026688,53.85665291,50.43765489,5.672688
51.14383058,53.5319341,53.43855993,5.790869
51.14383058,52.12222714,52.8071373,5.90905
49.30160685,52.12222714,52.8071373,6.027231
49.30160685,53.13257299,52.70058408,6.145412
52.59819686,53.13257299,52.70058408,6.263593
51.17261688,54.2059513,55.14823773,6.381774
51.17261688,54.2059513,55.14823773,6.499955
52.50200889,53.54568727,52.88246106,6.618136
52.50200889,52.08564162,52.62615052,6.736317
51.20314169,52.08564162,52.62615052,6.854498
51.20314169,52.67508009,50.90044665,6.972679
51.63975273,52.67508009,50.90044665,7.09086
52.66143335,51.70922307,51.89525207,7.209041
52.66143335,51.70922307,51.89525207,7.327222
52.38402369,50.8258362,53.04703838,7.445403
52.38402369,51.1465801,53.53890233,7.563584
51.80541266,51.1465801,53.53890233,7.681765
51.80541266,51.44133491,53.33246256,7.799946
51.4154722,51.44133491,53.33246256,7.918127
49.80199074,52.40825317,52.75111077,8.036308
49.80199074,52.40825317,52.75111077,8.154489
50.82207013,51.87612951,52.76414206,8.27267
50.82207013,53.1293013,51.14871852,8.390851
51.79183846,53.1293013,51.14871852,8.509032
51.79183846,51.4154722,50.52950097,8.627213
49.91031018,51.4154722,50.52950097,8.745394
50.03611977,52.01254356,51.47230748,8.863575
50.03611977,52.01254356,51.47230748,8.981756
51.09316705,52.91022763,52.99793628,9.099937
51.09316705,54.02191396,54.70274787,9.218118
49.93331491,54.02191396,54.70274787,9.336299
49.93331491,54.42921148,57.4583069,9.45448
52.08845391,54.42921148,57.4583069,9.572661
51.6179626,55.23645903,57.72689608,9.690842
51.6179626,55.23645903,57.72689608,9.809023
51.45481179,51.88761142,59.7174663,9.927204
51.45481179,53.03694909,58.44074189,10.045385
51.43260153,53.03694909,58.44074189,10.163566
51.43260153,52.49069858,57.66745318,10.281747
52.06925226,52.49069858,57.66745318,10.399928
54.79314795,52.42334433,55.55462543,10.518109
54.79314795,52.42334433,55.55462543,10.63629
55.83156869,53.97308357,57.14352818,10.754471
55.83156869,53.24721237,55.33551781,10.872652
61.04583319,53.24721237,55.33551781,10.990833
61.04583319,53.15642453,55.30324781,11.109014
57.70432447,53.15642453,55.30324781,11.227195
58.07639096,51.8921282,52.47387743,11.345376
58.07639096,51.8921282,52.47387743,11.463557
53.82716119,53.97775149,51.79074483,11.581738
53.82716119,53.5974944,49.77468766,11.699919
55.73857787,53.5974944,49.77468766,11.8181
55.73857787,53.88533109,50.29561052,11.936281
54.28458719,53.88533109,50.29561052,12.054462
54.38426645,54.55734512,51.39339695,12.172643
54.38426645,54.55734512,51.39339695,12.290824
52.96708146,54.96156327,52.35523195,12.409005
52.96708146,55.27890929,52.11982888,12.527186
55.45722592,55.27890929,52.11982888,12.645367
55.45722592,56.16417063,51.91568435,12.763548
55.35217504,56.16417063,51.91568435,12.881729
53.78291144,54.79571436,50.84861877,12.99991
53.78291144,54.79571436,50.84861877,13.118091
54.98256116,53.48152426,52.97663105,13.236272
54.98256116,55.7155513,54.91548905,13.354453
56.4007009,55.7155513,54.91548905,13.472634
56.4007009,53.6583885,55.7195124,13.590815
53.12665439,53.6583885,55.7195124,13.708996
54.77746172,55.19801004,55.40317427,13.827177
54.77746172,55.19801004,55.40317427,13.945358
54.09106904,55.67343397,54.79553614,14.063539
54.09106904,54.57001666,55.35235146,14.18172
52.1031504,54.57001666,55.35235146,14.299901
52.1031504,53.70234079,55.20452031,14.418082
52.85479076,53.70234079,55.20452031,14.536263
53.5974944,54.3751796,54.84270832,14.654444
53.5974944,54.3751796,54.84270832,14.772625
55.38085466,55.7747983,55.0647701,14.890806
55.38085466,56.03727136,54.84270832,15.008987
54.1442662,56.03727136,54.84270832,15.127168
54.1442662,54.57198514,53.0860519,15.245349
54.1442662,54.57198514,53.0860519,15.36353
56.07479659,56.03158986,53.54017913,15.481711
56.07479659,56.03158986,53.54017913,15.599892
54.43592133,56.16417063,54.90908679,15.718073
54.43592133,55.9289798,57.03747398,15.836254
56.13616955,55.9289798,57.03747398,15.954435
56.13616955,57.02415196,57.18220604,16.072616
54.90631225,57.02415196,57.18220604,16.190797
53.50693588,54.88532078,56.79561768,16.308978
53.50693588,54.88532078,56.79561768,16.427159
55.88234012,56.59370686,58.07679453,16.54534
55.88234012,55.967136,57.29808297,16.663521
54.25856787,55.967136,57.29808297,16.781702
54.25856787,57.1831624,59.00016552,16.899883
55.17107627,57.1831624,59.00016552,17.018064
52.7996656,57.39055481,59.36786141,17.136245
52.7996656,57.39055481,59.36786141,17.254426
54.17394582,58.00764362,61.06793732,17.372607
54.17394582,56.43777685,60.09266932,17.490788
54.68499994,56.43777685,60.09266932,17.608969
54.68499994,57.53195444,59.63053564,17.72715
55.4497943,57.53195444,59.63053564,17.845331
54.98103366,55.41864815,57.97376158,17.963512
54.98103366,55.41864815,57.97376158,18.081693
56.23242781,55.76684863,57.26354234,18.199874
56.23242781,56.08691637,57.8185132,18.318055
55.50408206,56.08691637,57.8185132,18.436236
55.50408206,55.83639606,58.31923193,18.554417
54.49433744,55.83639606,58.31923193,18.672598
54.02390241,54.47483651,61.37827766,18.790779
54.02390241,54.47483651,61.37827766,18.90896
53.40364425,54.45823371,64.12789345,19.027141
53.40364425,54.43201034,67.63819765,19.145322
53.47929652,54.43201034,67.63819765,19.263503
53.47929652,53.82716119,71.28579145,19.381684
54.86724034,53.82716119,71.28579145,19.499865
57.23682982,52.98422525,65.69832213,19.618046
57.23682982,52.98422525,65.69832213,19.736227
56.55341778,54.27120121,62.03231265,19.854408
56.55341778,53.89091267,55.93344957,19.972589
54.14372511,53.89091267,55.93344957,20.09077
54.14372511,53.31583372,53.34359439,20.208951
49.94145009,53.31583372,53.34359439,20.327132
50.13960978,55.69262042,51.93298717,20.445313
50.13960978,55.69262042,51.93298717,20.563494
51.88245428,54.29807777,53.0236165,20.681675
51.88245428,54.88008946,52.2154117,20.799856
52.35388894,54.88008946,52.2154117,20.918037
52.35388894,54.97435482,52.40340817,21.036218
52.49058695,54.97435482,52.40340817,21.154399
55.62514045,54.81902042,51.04168793,21.27258
55.62514045,54.81902042,51.04168793,21.390761
56.54878977,57.16618455,52.47923697,21.508942
56.54878977,56.52868464,53.09734574,21.627123
57.96880896,56.52868464,53.09734574,21.745304
57.96880896,57.41355595,53.9786199,21.863485
57.25341147,57.41355595,53.9786199,21.981666
58.59810817,57.14564725,55.26859133,22.099847
58.59810817,57.14564725,55.26859133,22.218028
59.53389922,56.31208379,55.62507022,22.336209
59.53389922,56.65620691,57.47237788,22.45439
61.07967389,56.65620691,57.47237788,22.572571
61.07967389,57.53837035,54.23887415,22.690752
61.76483248,57.53837035,54.23887415,22.808933
64.68846618,56.39851921,55.32418662,22.927114
64.68846618,56.39851921,55.32418662,23.045295
66.08292612,56.63407074,55.7155513,23.163476
66.08292612,56.10164464,56.57272007,23.281657
64.150123,56.10164464,56.57272007,23.399838
64.150123,55.5305026,57.35177907,23.518019
64.28868607,55.5305026,57.35177907,23.6362
63.37182561,54.04284325,56.29904112,23.754381
63.37182561,54.04284325,56.29904112,23.872562
62.82440808,52.27918593,57.40409801,23.990743
62.82440808,54.1192982,55.82988951,24.108924
62.7700105,54.1192982,55.82988951,24.227105
62.7700105,51.72753891,56.85957895,24.345286
62.98291559,51.72753891,56.85957895,24.463467
62.40351928,53.2942158,55.28919,24.581648
62.40351928,53.2942158,55.28919,24.699829
62.01436326,53.99866173,55.71768963,24.81801
62.01436326,54.73637102,54.20440192,24.936191
61.09613966,54.73637102,54.20440192,25.054372
61.09613966,53.98592843,53.40375396,25.172553
58.3955063,53.98592843,53.40375396,25.290734
58.32177713,52.16713675,53.93579806,25.408915
58.32177713,52.16713675,53.93579806,25.527096
59.63947675,52.5614224,54.68146395,25.645277
59.63947675,53.91855838,52.16942052,25.763458
60.84232953,53.91855838,52.16942052,25.881639
60.84232953,53.41966077,51.23967122,25.99982
60.26899338,53.41966077,51.23967122,26.118001
60.44528776,54.26803416,50.07548989,26.236182
60.44528776,54.26803416,50.07548989,26.354363
59.50072216,53.25080692,50.41801823,26.472544
59.50072216,53.146209,50.62989945,26.590725
61.3972083,53.146209,50.62989945,26.708906
61.3972083,51.65907622,50.71250154,26.827087
60.69586709,51.65907622,50.71250154,26.945268
60.67311235,50.95260512,50.61423497,27.063449
60.67311235,50.95260512,50.61423497,27.18163
62.04600738,49.28417279,51.20062408,27.299811
62.04600738,48.16386418,51.95742698,27.417992
63.97182607,48.16386418,51.95742698,27.536173
63.97182607,47.03281766,48.4411289,27.654354
65.56428739,47.03281766,48.4411289,27.772535
65.06751302,48.53272897,50.79446943,27.890716
65.06751302,48.53272897,50.79446943,28.008897
64.45577457,48.09564852,50.51372802,28.127078
64.45577457,47.294374,52.82828906,28.245259
60.14247407,47.294374,52.82828906,28.36344
60.14247407,47.99125083,51.49666251,28.481621
57.68035573,47.99125083,51.49666251,28.599802
55.94511121,45.67505816,50.39194039,28.717983
55.94511121,45.67505816,50.39194039,28.836164
53.49309973,46.41461415,49.00554018,28.954345
53.49309973,46.99143871,47.89221296,29.072526
49.77692425,46.99143871,47.89221296,29.190707
49.77692425,46.71296996,47.09577177,29.308888
50.49806618,46.71296996,47.09577177,29.427069
49.96287684,47.34072804,46.51889737,29.54525
49.96287684,47.34072804,46.51889737,29.663431
48.68400982,47.38167829,46.31022262,29.781612
48.68400982,48.22724528,45.33365885,29.899793
46.83085421,48.22724528,45.33365885,30.017974
46.83085421,46.62897939,46.17282412,30.136155
47.2385072,46.62897939,46.17282412,30.254336
47.4934206,47.9506175,46.55121508,30.372517
47.4934206,47.9506175,46.55121508,30.490698
49.04860472,47.6777513,44.87173561,30.608879
49.04860472,47.73842301,46.97381252,30.72706
47.34856617,47.73842301,46.97381252,30.845241
47.34856617,48.91738092,47.56028247,30.963422
47.75188151,48.91738092,47.56028247,31.081603
48.18174414,49.63212323,46.44540646,31.199784
48.18174414,49.63212323,46.44540646,31.317965
47.4520317,50.87054649,47.31848542,31.436146
47.4520317,51.19207855,44.28754587,31.554327
49.30160685,51.19207855,44.28754587,31.672508
49.30160685,51.79183846,43.88599399,31.790689
49.55997787,51.79183846,43.88599399,31.90887
50.10356462,52.5625,46.59541622,32.027051
50.10356462,52.5625,46.59541622,32.145232
51.28489666,51.65835787,49.13537581,32.263413
51.28489666,51.40988779,52.11896698,32.381594
51.7930452,51.40988779,52.11896698,32.499775
51.7930452,51.69656813,50.86509424,32.617956
53.21606166,51.69656813,50.86509424,32.736137
50.36391007,50.96172737,50.66464497,32.854318
50.36391007,50.96172737,50.66464497,32.972499
50.24133165,50.2715672,49.84150661,33.09068
50.24133165,50.47404191,52.04599078,33.208861
50.29650367,50.47404191,52.04599078,33.327042
50.29650367,51.035833,51.33285985,33.445223
51.49992415,51.035833,51.33285985,33.563404
52.14227082,49.24040198,51.52396287,33.681585
52.14227082,49.24040198,51.52396287,33.799766
52.60603132,50.77685558,51.23208528,33.917947
52.60603132,51.46168174,49.45709157,34.036128
53.69957664,51.46168174,49.45709157,34.154309
53.69957664,50.27556874,49.11680911,34.27249
53.41647978,50.27556874,49.11680911,34.390671
51.78173091,50.85491772,51.96020863,34.508852
51.78173091,50.85491772,51.96020863,34.627033
52.79729811,50.3338076,50.88210178,34.745214
52.79729811,50.28380393,50.0691319,34.863395
51.63767248,50.28380393,50.0691319,34.981576
51.63767248,50.03967176,51.05186548,35.099757
51.04092261,50.03967176,51.05186548,35.217938
51.98504893,48.82914249,50.1604457,35.336119
51.98504893,48.82914249,50.1604457,35.4543
53.20218657,48.82914249,51.9550963,35.572481
53.20218657,48.61925577,49.28976028,35.690662
54.8205168,48.61925577,49.28976028,35.808843
54.8205168,49.88760806,49.43311453,35.927024
51.21973192,49.88760806,49.43311453,36.045205
55.46289582,47.59554535,49.82288944,36.163386
55.46289582,47.59554535,49.82288944,36.281567
53.09727218,47.010554,49.40813761,36.399748
53.09727218,47.18629965,53.47615561,36.517929
52.74866704,47.18629965,53.47615561,36.63611
52.74866704,47.71542433,54.25604805,36.754291
52.36552719,47.71542433,54.25604805,36.872472
52.21743154,46.48256562,53.09499152,36.990653
52.21743154,46.48256562,53.09499152,37.108834
53.47728782,46.28727383,51.38157653,37.227015
53.47728782,45.8815135,51.28489666,37.345196
54.60715527,45.8815135,51.28489666,37.463377
54.60715527,45.36565847,48.91738092,37.581558
52.65138145,45.36565847,48.91738092,37.699739
52.44006996,42.93322395,49.98628718,37.81792
52.44006996,42.93322395,49.98628718,37.936101
50.64945397,43.50332243,47.76136972,38.054282
50.64945397,44.04316952,47.77980909,38.172463
51.22701466,44.04316952,47.77980909,38.290644
51.22701466,45.64995037,44.62775727,38.408825
49.65922938,45.64995037,44.62775727,38.527006
50.79446943,45.99036074,42.41374519,38.645187
50.79446943,45.99036074,42.41374519,38.763368
50.24416944,47.07947071,39.76856878,38.881549
50.24416944,46.44725671,36.08772948,38.99973
50.10356462,46.44725671,36.08772948,39.117911
50.10356462,47.41744471,33.7396975,39.236092
48.21233958,47.41744471,33.7396975,39.354273
44.58743167,47.65357574,33.51713648,39.472454
44.58743167,47.65357574,33.51713648,39.590635
46.70276691,47.91781702,31.07161587,39.708816
46.70276691,48.80845854,35.27199004,39.826997
45.11768466,48.80845854,35.27199004,39.945178
45.11768466,49.26399706,38.92872092,40.063359
46.33294926,49.26399706,38.92872092,40.18154
46.60845048,49.43967283,39.52150325,40.299721
46.60845048,49.43967283,39.52150325,40.417902
46.76808641,51.49666251,41.43773567,40.536083
46.76808641,50.19372626,43.72365278,40.654264
45.64995037,50.19372626,43.72365278,40.772445
45.64995037,51.55352195,45.35489396,40.890626
46.23885001,51.55352195,45.35489396,41.008807
45.34671122,48.32915302,46.99588579,41.126988
45.34671122,48.32915302,46.99588579,41.245169
45.73159637,50.38345152,48.33355783,41.36335
45.73159637,50.35223586,50.01718455,41.481531
47.7464822,50.35223586,50.01718455,41.599712
47.7464822,51.90187557,49.7791215,41.717893
48.04449435,51.90187557,49.7791215,41.836074
48.54838115,50.24016539,48.45189302,41.954255
48.54838115,50.24016539,48.45189302,42.072436
48.0246112,50.48503027,51.21740579,42.190617
48.0246112,48.83922124,51.42690504,42.308798
47.46758763,48.83922124,51.42690504,42.426979
47.46758763,49.94622108,50.12005119,42.54516
46.33294926,49.94622108,49.64884503,42.663341
49.54637979,50.19469905,49.64884503,42.781522
49.54637979,50.19469905,50.2878045,42.899703
50.06296816,47.24603158,50.06296816,43.017884
50.06296816,51.223545,50.06296816,43.136065
50.91418178,51.223545,49.39236245,43.254246
50.91418178,49.59716631,49.39236245,43.372427
52.48489366,49.59716631,49.91031018,43.490608
50.98123123,50.66857692,49.91031018,43.608789
50.98123123,50.66857692,49.94766793,43.72697
51.29209399,50.71250154,50.16616919,43.845151
51.29209399,51.67597362,49.69677586,43.963332
51.76784867,51.67597362,49.69677586,44.081513
51.76784867,49.7729611,48.25542392,44.199694
51.41083756,49.7729611,48.49979865,44.317875
50.76089015,50.07548989,48.55332925,44.436056
50.76089015,50.07548989,48.84629912,44.554237
49.48456988,50.05333093,48.84629912,44.672418
49.48456988,50.21181696,46.50617399,44.790599
52.1200912,50.21181696,46.50617399,44.90878
52.1200912,50.8511154,49.59716631,45.026961
53.66581343,50.8511154,50.47698269,45.145142
50.62569444,51.49082139,50.47698269,45.263323
50.82802653,51.49082139,48.30332222,45.381504
50.82802653,50.65697293,48.30332222,45.499685
50.96237889,51.02412113,49.32251958,45.617866
51.71333997,51.02412113,49.32251958,45.736047
51.04662391,50.92388622,47.66750892,45.854228
51.04662391,50.92388622,48.35957441,45.972409
52.95568607,50.55585556,48.35957441,46.09059
52.60220706,50.55585556,51.15975286,46.208771
53.53890233,51.36287114,53.8125,46.326952
53.55549838,50.13380534,51.88546581,46.445133
52.70010229,50.13380534,52.46032727,46.563314
53.31257327,50.87569103,51.21755833,46.681495
51.87594126,50.87569103,53.55549838,46.799676